h    <- 6.626068e-34    # Planck's const
cl   <- 299792458       # Speed of light
kB   <- 1.3806503e-23   # Boltzmann's const
hb   <- h/(2*pi)        # Reduced Planck's const
N.A  <- 6.02214076e23   # Avogadro's number

# Handy Conversions
eV2J <- 1.602176634e-19 # electron-volt to Joules, energy gained by 1 e- accelerated though 1V
J2eV <- eV2J^(-1)       # Joules to eV
